.	GI50(AG1478)	Profile	GF pErk EGF:100 m	GF pErk EPR:100 m	GF pErk BTC:100 m	GF pErk HRG:100 m	GF pErk INS:100 m	GF pErk IGF-1:100 m	GF pErk IGF-2:100 m	GF pErk PDGFBB:100 m	GF pErk HGF:100 m	GF pErk SCF:100 m	GF pErk FGF1:100 m	GF pErk FGF2:100 m	GF pErk NGF:100 m	GF pErk EFNA1:100 m	GF pErk VEGFF:100 m	GF pAkt EGF:100 m	GF pAkt EPR:100 m	GF pAkt BTC:100 m	GF pAkt HRG:100 m	GF pAkt INS:100 m	GF pAkt IGF-1:100 m	GF pAkt IGF-2:100 m	GF pAkt PDGFBB:100 m	GF pAkt HGF:100 m	GF pAkt SCF:100 m	GF pAkt FGF1:100 m	GF pAkt FGF2:100 m	GF pAkt NGF:100 m	GF pAkt EFNA1:100 m	GF pAkt VEGFF:100 m	GF pP38 EGF:100 m	GF pP38 EPR:100 m	GF pP38 BTC:100 m	GF pP38 HRG:100 m	GF pP38 INS:100 m	GF pP38 IGF-1:100 m	GF pP38 IGF-2:100 m	GF pP38 PDGFBB:100 m	GF pP38 HGF:100 m	GF pP38 SCF:100 m	GF pP38 FGF1:100 m	GF pP38 FGF2:100 m	GF pP38 NGF:100 m	GF pP38 EFNA1:100 m	GF pP38 VEGFF:100 m	GF pJNK EGF:100 m	GF pJNK EPR:100 m	GF pJNK BTC:100 m	GF pJNK HRG:100 m	GF pJNK INS:100 m	GF pJNK IGF-1:100 m	GF pJNK IGF-2:100 m	GF pJNK PDGFBB:100 m	GF pJNK HGF:100 m	GF pJNK SCF:100 m	GF pJNK FGF1:100 m	GF pJNK FGF2:100 m	GF pJNK NGF:100 m	GF pJNK EFNA1:100 m	GF pJNK VEGFF:100 m
AU-565	-4.885	HER2amp	4.308	4.311	4.297	4.256	3.805	3.792	3.799	3.865	4.230	3.787	3.916	3.963	3.784	3.867	3.802	3.794	3.773	3.851	3.863	3.607	3.599	3.573	3.567	3.729	3.555	3.578	3.550	3.503	3.557	3.563	3.018	3.007	3.021	2.940	2.767	2.728	2.749	2.796	2.846	2.761	2.766	2.738	2.730	2.748	2.699	2.398	2.388	2.382	2.342	2.188	2.215	2.196	2.179	2.298	2.249	2.188	2.186	2.199	2.198	2.186
BT-20	-5.696	TNBC	3.843	3.877	3.835	3.711	3.035	2.986	2.985	2.982	3.766	2.946	3.245	3.107	2.860	2.980	2.820	3.428	3.448	3.446	3.478	3.231	3.326	3.307	3.250	3.391	3.234	3.281	3.228	3.222	3.208	3.202	2.442	2.419	2.407	2.344	2.363	2.414	2.338	2.327	2.387	2.348	2.337	2.357	2.343	2.319	2.362	2.131	2.100	2.094	2.027	2.037	2.036	2.032	2.021	2.036	2.041	2.004	2.013	2.025	2.040	2.028
BT-474	-4.977	HER2amp	3.455	3.535	3.601	3.790	3.006	2.969	2.998	2.976	3.260	3.046	3.181	3.293	2.984	3.027	2.943	3.550	3.557	3.811	3.882	3.385	3.411	3.395	3.375	3.415	3.411	3.391	3.368	3.353	3.350	3.370	2.422	2.438	2.465	2.508	2.340	2.345	2.351	2.365	2.379	2.375	2.386	2.364	2.336	2.335	2.314	2.027	2.045	2.015	2.094	1.996	1.941	1.943	2.040	2.074	1.974	2.016	2.019	2.046	2.036	2.033
BT-483	-4.176	HR+	3.805	3.685	3.763	4.343	2.932	3.010	2.981	2.971	3.017	2.970	3.867	3.905	2.843	2.900	2.893	3.151	3.090	3.380	3.635	3.002	3.081	3.010	2.974	2.982	2.965	3.073	3.037	2.959	2.934	2.940	2.793	2.804	2.797	2.811	2.774	2.755	2.769	2.796	2.799	2.769	2.821	2.813	2.740	2.779	2.703	2.430	2.428	2.430	2.453	2.399	2.404	2.401	2.375	2.243	2.385	2.420	2.393	2.380	2.368	2.376
BT-549	-4.378	TNBC	3.333	3.197	3.182	2.669	2.638	2.700	2.630	2.640	3.375	2.625	2.877	2.961	2.589	2.643	2.586	3.077	2.962	3.020	2.884	2.973	3.128	3.013	2.839	3.178	2.843	2.859	2.803	2.819	2.778	2.851	2.231	2.160	2.211	2.194	2.183	2.150	2.173	2.140	2.213	2.163	2.140	2.117	2.085	2.095	2.073	2.022	2.033	2.030	2.023	1.986	1.998	1.981	1.986	1.987	2.029	2.004	1.955	1.928	1.963	1.947
CAMA-1	-4.176	HR+	3.343	3.230	3.827	4.093	2.508	2.502	2.483	2.459	2.476	2.448	3.606	3.859	2.434	2.421	2.475	3.706	3.687	3.827	3.924	3.634	3.610	3.583	3.538	3.568	3.561	3.626	3.651	3.606	3.572	3.591	2.732	2.753	2.839	2.867	2.703	2.704	2.716	2.745	2.736	2.726	2.794	2.818	2.687	2.757	2.704	2.219	2.215	2.284	2.317	2.192	2.220	2.184	2.191	2.178	2.154	2.491	2.269	2.188	2.194	2.178
HCC1187	-5.124	TNBC	3.818	3.723	3.804	3.092	2.406	2.367	2.373	2.481	2.959	2.926	3.703	3.814	2.370	2.378	2.337	3.682	3.561	3.632	3.421	3.729	3.528	3.594	3.292	3.318	3.480	3.675	3.678	3.221	3.221	3.234	3.079	2.975	3.093	2.949	2.882	2.910	2.907	2.918	2.906	2.923	2.987	3.028	2.841	2.931	2.820	2.252	2.169	2.226	2.133	2.186	2.137	2.102	2.138	2.140	2.122	2.153	2.166	2.095	2.113	2.098
HCC1395	-4.400	TNBC	3.682	3.720	3.636	2.873	2.773	2.837	2.818	2.885	3.423	2.831	3.248	3.439	2.843	2.839	2.874	3.610	3.566	3.568	3.347	3.451	3.542	3.439	3.379	3.550	3.345	3.373	3.353	3.378	3.331	3.371	2.737	2.711	2.752	2.689	2.668	2.687	2.687	2.718	2.719	2.692	2.736	2.705	2.638	2.696	2.695	2.329	2.314	2.300	2.273	2.245	2.224	2.225	2.213	2.237	2.220	2.262	2.242	2.193	2.205	2.229
HCC1419	-4.969	HER2amp	4.068	4.051	4.172	4.315	3.993	3.996	3.985	3.999	4.006	3.991	4.084	4.115	3.934	3.981	3.909	3.846	3.843	4.012	4.080	3.778	3.793	3.782	3.779	3.782	3.781	3.812	3.796	3.730	3.766	3.769	2.878	2.881	2.922	2.990	2.785	2.806	2.811	2.835	2.831	2.853	2.902	2.886	2.742	2.834	2.834	2.788	2.754	2.765	2.785	2.790	2.762	2.757	2.751	2.772	2.758	2.765	2.755	2.739	2.754	2.756
HCC1428	-4.748	HR+	3.590	3.376	3.530	3.837	2.193	2.291	2.219	2.185	2.243	2.176	3.164	3.519	2.241	2.210	2.205	2.323	2.327	2.325	3.151	2.225	2.410	2.262	2.173	2.193	2.220	2.218	2.288	2.232	2.223	2.275	2.622	2.456	2.604	2.697	2.383	2.394	2.390	2.413	2.403	2.389	2.485	2.500	2.412	2.419	2.444	1.978	1.958	1.887	1.947	1.930	1.875	1.884	1.518	1.898	1.573	1.965	1.971	1.956	1.597	1.945
HCC1806	-5.373	TNBC	3.877	3.843	3.775	3.460	3.005	3.079	2.894	2.741	3.688	2.699	3.469	3.386	2.745	2.713	2.788	3.156	3.177	3.122	3.326	3.245	3.338	3.264	2.802	3.143	2.811	2.963	2.889	2.809	2.767	2.785	2.605	2.576	2.552	2.464	2.439	2.466	2.465	2.434	2.505	2.443	2.461	2.441	2.394	2.434	2.335	2.062	2.067	2.002	1.933	1.871	1.884	1.886	1.856	1.949	1.881	1.963	1.909	1.879	1.879	1.891
HCC1937	-4.408	TNBC	3.862	3.727	3.748	3.329	2.935	2.929	2.825	2.641	3.745	2.606	3.268	3.036	2.584	2.653	2.511	3.266	3.159	3.191	3.263	3.103	3.125	3.045	2.787	3.210	2.766	2.875	2.835	2.764	2.763	2.792	2.221	2.190	2.192	2.112	2.084	2.174	2.071	2.125	2.174	2.252	2.115	2.082	2.076	2.109	2.186	2.010	1.982	1.995	1.944	1.865	1.882	1.878	1.870	2.008	1.859	1.900	1.872	1.886	1.866	1.855
HCC1954	-5.507	HER2amp	4.032	3.996	3.965	3.693	3.234	3.257	3.215	3.219	3.964	3.206	3.324	3.386	3.175	3.248	3.211	3.673	3.659	3.663	3.662	3.598	3.606	3.604	3.540	3.582	3.581	3.584	3.559	3.577	3.535	3.597	2.778	2.770	2.756	2.711	2.698	2.707	2.681	2.698	2.776	2.711	2.664	2.667	2.675	2.700	2.668	2.204	2.171	2.225	2.115	2.110	2.125	2.126	2.101	2.174	2.102	2.057	2.122	2.087	2.080	2.067
HCC202	-4.433	HER2amp	4.199	4.197	4.232	4.125	3.331	3.361	3.430	3.366	3.676	3.368	3.599	3.785	3.361	3.324	3.379	3.378	3.349	3.299	3.289	3.409	3.361	3.571	3.370	3.339	3.488	3.235	3.227	3.399	3.231	3.411	2.845	2.855	2.860	2.848	2.862	2.852	2.833	2.858	2.871	2.855	2.829	2.767	2.885	2.847	2.869	2.305	2.315	2.302	2.308	2.303	2.304	2.322	2.341	2.309	2.365	2.275	2.247	2.287	2.265	2.285
HCC38	-4.176	TNBC	3.919	3.838	3.785	3.713	2.937	2.987	2.993	2.890	3.601	3.160	3.551	3.782	2.895	2.914	2.871	3.046	2.936	2.989	3.357	2.768	3.037	2.927	2.726	3.044	2.893	2.854	2.861	2.758	2.652	2.697	2.607	2.589	2.597	2.585	2.527	2.560	2.579	2.542	2.564	2.549	2.583	2.577	2.532	2.553	2.567	1.928	1.924	1.939	1.894	1.817	1.846	1.916	1.857	1.959	1.849	1.870	1.887	1.900	1.955	1.797
HCC70	-5.764	TNBC	4.263	4.307	4.163	3.784	3.137	3.150	3.129	3.123	4.047	3.290	3.263	3.150	3.098	3.091	3.085	3.903	3.886	3.852	3.938	3.544	3.568	3.534	3.554	3.888	3.752	3.513	3.502	3.532	3.523	3.464	2.879	2.835	2.852	2.810	2.851	2.815	2.845	2.857	2.836	2.847	2.773	2.777	2.818	2.868	2.779	2.853	2.828	2.789	2.688	2.693	2.690	2.657	2.644	2.687	2.656	2.676	2.685	2.678	2.645	2.698
MCF7__b	-4.176	HR+	3.148	2.951	3.598	3.921	2.549	3.317	2.994	2.429	2.918	2.392	3.580	3.427	2.385	2.410	2.387	2.756	2.733	3.109	3.661	3.043	3.574	3.474	2.608	2.716	2.647	2.813	2.716	2.637	2.600	2.626	2.272	2.242	2.284	2.376	2.275	2.319	2.303	2.420	2.275	2.280	2.271	2.252	2.311	2.236	2.269	1.977	1.964	2.044	2.071	1.988	2.016	1.974	1.957	1.967	1.949	1.988	1.972	1.950	1.976	1.952
MDA-MB-134-VI	-4.176	HR+	3.442	3.475	3.467	4.095	3.370	3.439	3.415	3.439	3.443	3.454	4.378	4.395	3.341	3.426	3.376	2.656	2.713	2.821	3.535	2.782	3.328	3.234	2.748	2.758	2.751	3.040	2.978	2.488	2.710	2.573	2.915	2.962	2.994	3.012	2.867	2.941	2.966	2.987	3.009	2.974	3.074	3.004	2.798	2.920	2.851	2.205	2.222	2.243	2.289	2.203	2.204	2.217	2.249	2.230	2.228	2.403	2.393	2.188	2.250	2.208
MDA-MB-157	-4.301	TNBC	3.294	2.611	3.127	2.362	2.605	2.685	2.543	3.239	2.506	2.680	2.698	3.106	2.631	2.534	2.437	2.773	2.229	2.632	2.155	2.806	2.757	2.593	3.252	2.218	2.673	2.175	2.219	2.180	2.145	2.134	2.311	2.229	2.303	2.237	2.312	2.262	2.286	2.480	2.279	2.296	2.262	2.275	2.275	2.291	2.219	1.805	1.778	1.816	1.803	1.811	1.785	1.781	1.826	1.791	1.830	1.834	1.830	1.793	1.830	1.798
MDA-MB-175-VII	-5.505	HR+	4.052	3.831	4.035	3.908	3.716	3.745	3.722	3.751	3.769	3.764	3.856	3.832	3.751	3.724	3.810	3.140	3.125	3.122	3.229	3.257	3.154	3.117	3.125	3.136	3.095	3.114	3.119	3.146	3.113	3.157	2.679	2.643	2.650	2.620	2.662	2.586	2.605	2.615	2.609	2.599	2.659	2.637	2.590	2.575	2.646	2.199	2.110	2.154	2.072	2.106	2.096	2.093	2.118	2.105	2.097	2.068	2.007	2.115	2.088	2.131
MDA-MB-231__a	-4.399	TNBC	3.903	3.524	3.940	3.416	3.394	3.399	3.392	3.396	3.842	3.381	3.629	3.674	3.340	3.317	3.325	2.873	2.660	2.805	2.628	2.912	2.969	2.805	2.640	2.862	2.571	2.628	2.574	2.569	2.543	2.600	2.552	2.443	2.542	2.450	2.331	2.349	2.380	2.397	2.478	2.394	2.464	2.479	2.255	2.361	2.368	2.112	2.007	2.081	1.994	1.926	1.932	1.937	1.950	2.009	1.952	2.009	2.030	1.941	1.944	2.002
MDA-MB-361	-4.186	HER2amp	3.092	2.991	3.084	3.557	2.287	2.735	2.507	2.268	2.286	2.235	3.146	3.365	2.211	2.251	2.165	3.155	2.998	3.597	3.684	3.107	3.496	3.392	2.699	2.742	2.708	2.823	2.864	2.745	2.715	2.728	2.624	2.543	2.650	2.864	2.551	2.562	2.593	2.545	2.554	2.533	2.658	2.764	2.512	2.589	2.454	2.110	2.112	2.065	2.080	2.112	2.093	2.084	1.916	2.137	2.121	2.120	2.145	2.125	2.127	2.101
MDA-MB-436	-4.256	TNBC	3.781	3.635	3.750	3.171	3.247	3.310	3.183	3.277	3.838	3.125	3.632	3.687	3.152	3.083	3.065	3.092	3.073	3.093	2.997	3.025	3.149	3.091	2.995	3.126	2.971	3.053	2.954	3.009	2.899	2.979	2.648	2.479	2.625	2.487	2.458	2.437	2.477	2.501	2.713	2.521	2.552	2.546	2.464	2.505	2.457	2.074	2.085	2.044	2.059	2.009	1.977	1.978	1.965	2.050	2.030	2.060	2.023	2.012	1.993	2.030
MDA-MB-453	-4.352	TNBC	3.290	3.424	3.178	3.598	2.994	3.004	2.879	2.871	2.877	2.825	3.232	3.465	2.822	2.853	2.789	3.496	3.514	3.709	3.794	3.446	3.434	3.423	3.416	3.472	3.411	3.438	3.424	3.467	3.320	3.430	2.626	2.586	2.600	2.620	2.624	2.590	2.567	2.602	2.597	2.579	2.619	2.605	2.652	2.619	2.691	2.082	1.871	1.930	1.941	1.905	1.936	1.905	1.974	1.895	1.920	1.943	1.962	1.971	1.981	1.933
SK-BR-3__a	-4.798	HER2amp	3.986	3.999	4.000	3.952	3.218	3.226	3.238	3.270	3.520	3.293	3.465	3.545	3.233	3.314	3.221	3.416	3.342	3.499	3.525	3.054	3.154	3.114	3.073	3.148	3.069	3.119	3.112	3.057	3.104	3.038	2.591	2.948	2.957	2.930	2.699	2.694	2.705	2.724	2.777	2.719	2.750	2.777	2.681	2.742	2.713	2.097	2.105	2.118	2.039	1.865	1.866	1.883	1.892	1.911	1.868	1.925	1.940	1.841	1.906	1.914
T47D	-4.301	HR+	3.804	3.835	3.857	3.941	2.707	3.032	2.784	2.739	2.842	2.736	3.536	3.484	2.666	2.658	2.850	3.385	3.246	3.441	3.600	2.953	3.240	3.050	2.921	2.951	2.914	3.100	3.022	2.885	2.900	2.905	2.453	2.313	2.447	2.702	2.210	2.195	2.183	2.223	2.216	2.180	2.259	2.209	2.186	2.184	2.176	2.007	2.004	2.017	2.084	1.985	1.969	1.944	1.962	1.986	1.951	1.971	2.197	1.922	1.937	1.927
UACC-812	-4.911	HER2amp	3.908	3.907	3.993	3.973	3.769	3.778	3.823	3.780	3.752	3.778	3.775	3.786	3.725	3.777	3.714	3.014	2.894	3.241	3.446	2.872	2.841	2.888	2.875	2.873	2.873	2.858	2.885	2.832	2.893	2.877	2.384	2.408	2.412	2.374	2.520	2.313	2.340	2.393	2.345	2.330	2.381	2.415	2.311	2.381	2.380	2.124	2.108	2.141	2.101	2.122	2.102	2.134	2.157	2.175	2.148	2.128	2.119	2.118	2.136	2.117
UACC-893	-4.908	HER2amp	3.677	3.709	3.698	3.573	3.454	3.447	3.466	3.437	3.529	3.423	3.436	3.492	3.451	3.425	3.356	3.757	3.715	3.693	3.688	3.619	3.633	3.604	3.664	3.664	3.606	3.682	3.662	3.572	3.627	3.707	2.711	2.713	2.720	2.692	2.634	2.583	2.582	2.550	2.573	2.582	2.661	2.614	2.611	2.510	2.648	2.203	2.140	2.150	2.137	2.129	2.107	2.129	2.189	2.120	2.125	2.156	2.164	2.171	2.150	2.201
ZR-75-1	-4.176	HR+	3.884	3.569	3.794	4.071	3.178	3.332	3.082	2.851	3.214	2.903	3.925	3.918	2.728	2.848	2.918	3.062	2.849	3.194	3.947	3.078	3.382	3.008	2.688	2.860	2.716	2.826	2.821	2.680	2.695	2.679	2.740	2.688	2.761	2.809	2.638	2.672	2.692	2.661	2.673	2.692	2.724	2.740	2.582	2.675	2.682	2.305	2.240	2.302	2.355	2.142	2.157	2.151	2.194	2.197	2.194	2.282	2.283	2.179	2.178	2.190
